373
91
575
254
433
663
192
853
689
86
215
238
684
679
796
887
282
126
359
365
651
244
282
955
252
492
102
357
67
595
930
441
38
857
47
823
520
239
677
210
325
892
800
10
571
949
897
205
75
609
570
78
853
205
33
457
697
487
166
117
435
448
910
473
305
957
297
178
548
974
740
225
218
540
235
141
841
485
346
916
446
269
346
299
474
731
109
523
219
275
992
654
76
902
479
381
211
776
911
111
102
651
337
672
544
572
813
385
409
512
654
207
133
0
507
607
732
968
482
303
595
475
957
671
729
436
405
941
565
316
52
19
320
741
44
864
666
857
601
75
721
607
283
854
608
142
813
692
462
296
995
57
123
304
729
852
92
486
145
9
802
550
29
474
291
73
690
957
282
292
385
356
251
20
562
211
514
376
903
976
24
250
33
147
906
114
999
999
600
497
8
755
47
389
229
690
814
920
648
449
564
385
805
815
405
367
27
919
95
282
895
119
533
280
266
439
395
618
790
995
115
799
102
514
540
332
204
355
604
204
156
520
589
313
335
994
32
714
265
128
997
512
247
882
793
866
673
540
484
816
887
951
967
990
817
507
674
21
214
278
226
370
798
815
35
485
162
68
200
427
548
549
940
147
783
733
13
808
625
849
624
512
152
591
502
969
99
176
991
665
806
569
388
604
736
423
442
898
843
994
326
391
543
618
539
678
703
552
486
328
754
111
840
906
54
343
228
505
871
219
171
678
140
559
634
876
334
76
127
178
70
453
569
965
423
108
643
126
13
130
454
767
593
646
25
999
989
253
505
213
824
676
891
316
587
525
193
921
602
320
99
24
125
21
990
548
129
633
26
494
115
480
613
60
126
639
60
468
244
565
681
421
593
924
737
180
449
282
453
403
954
553
428
79
574
418
979
55
51
5
550
519
837
163
579
316
154
991
136
751
556
169
524
149
93
261
681
894
896
135
298
850
40
726
282
614
496
261
21
899
619
923
418
808
87
350
476
593
341
964
696
898
133
220
399
578
834
433
473
730
568
771
580
608
849
862
574
697
476
595
596
447
519
367
255
958
717
84
903
58
48
952
308
534
172
708
112
6
141
585
88
61
708
21
669
909
235
595
958
711
542
555
158
61
274
766
371
991
202
627
49
602
579
358
136
751
418
601
110
911
538
550
324
599
571
345
508
807
940
819
870
482
726
381
896
0
499
619
991
701
246
392
655
825
102
792
929
520
393
391
783
283
941
107
882
865
452
743
672
744
562
894
227
288
275
475
288
774
94
279
827
341
671
483
518
126
627
799
646
372
190
782
655
484
241
538
349
46
281
373
790
843
619
17
483
895
844
771
21
939
402
849
632
425
684
150
551
311
950
550
683
492
332
338
328
925
228
677
971
509
402
762
704
22
131
187
269
976
958
290
267
712
491
899
138
527
401
689
838
351
239
873
196
923
564
524
201
792
554
172
654
308
286
358
682
418
546
951
746
856
594
13
569
437
264
59
965
665
748
155
369
340
29
565
615
593
89
816
737
995
989
391
304
275
102
338
45
0
290
143
856
236
156
777
673
420
188
990
438
937
146
807
629
175
372
244
120
813
61
857
161
402
601
465
29
703
155
427
703
445
570
911
33
79
41
59
851
229
49
289
518
195
96
147
722
820
744
842
634
157
52
795
911
653
612
940
708
767
719
411
565
290
674
950
369
715
9
220
297
59
862
815
254
958
315
977
779
411
171
765
568
223
912
831
228
524
123
936
643
843
347
560
133
374
511
854
441
520
426
738
931
288
906
538
599
573
867
730
984
38
495
904
614
407
735
842
283
858
779
278
701
478
839
186
852
350
40
294
222
467
32
154
755
290
692
706
863
559
436
199
949
931
103
563
690
190
406
973
49
185
604
102
15
443
641
868
145
681
514
367
148
546
873
256
189
917
962
52
828
399
252
778
682
707
341
373
898
99
698
299
636
302
753
652
97
394
872
242
428
386
962
928
284
187
184
473
105
499
878
933
250
482
63
284
189
757
657
439
856
708
90
845
10
844
497
108
590
721
702
18
107
16
947
391
204
483
217
309
982
95
594
584
577
658
869
118
415
878
558
623
586
648
468
949
492
317
409
435
38
111
453
145
128
400
889
684
884
106
993
218
201
587
803
130
597
24
248
364
902
806
988
489
807
456
790
651
126
199
86
164
310
540
662
790
292
551
474
176
657
819
747
210
759
902
340
708
926
940
73
180
99
61
669
906
869
811
909
995
10
996
512
673
888
174
463
180
725
290
709
734
